# step, loss_train, loss_test, metrics_test
0.000000000000000000e+00 1.105893515625000000e+05 1.078850746154785156e+00 1.182538390159606934e+00 2.083229296875000000e+04 1.104098750000000000e+05 1.078850746154785156e+00 1.182538390159606934e+00 2.083229296875000000e+04 1.000619053840637207e+00
1.000000000000000000e+02 1.782310791015625000e+02 1.413603186607360840e+00 1.282135367393493652e+00 1.981861328125000000e+04 2.041841278076171875e+02 1.413603186607360840e+00 1.282135367393493652e+00 1.981861328125000000e+04 9.794101119041442871e-01
2.000000000000000000e+02 7.099423217773437500e+01 1.669792532920837402e+00 1.778080821037292480e+00 1.930772851562500000e+04 8.802479553222656250e+01 1.669792532920837402e+00 1.778080821037292480e+00 1.930772851562500000e+04 9.693712592124938965e-01
3.000000000000000000e+02 7.752561950683593750e+01 1.042272925376892090e+00 1.566049695014953613e+00 1.852888867187500000e+04 9.393020629882812500e+01 1.042272925376892090e+00 1.566049695014953613e+00 1.852888867187500000e+04 9.529654383659362793e-01
4.000000000000000000e+02 1.205151672363281250e+02 5.591709017753601074e-01 1.222659230232238770e+00 1.647759960937500000e+04 1.440721740722656250e+02 5.591709017753601074e-01 1.222659230232238770e+00 1.647759960937500000e+04 9.026584625244140625e-01
5.000000000000000000e+02 1.275150299072265625e+02 5.346533060073852539e-01 1.195261001586914062e+00 1.339066601562500000e+04 1.542974853515625000e+02 5.346533060073852539e-01 1.195261001586914062e+00 1.339066601562500000e+04 8.152118325233459473e-01
6.000000000000000000e+02 1.523714141845703125e+02 5.826599001884460449e-01 1.090577363967895508e+00 1.109112402343750000e+04 1.831452178955078125e+02 5.826599001884460449e-01 1.090577363967895508e+00 1.109112402343750000e+04 7.429527640342712402e-01
7.000000000000000000e+02 1.405641479492187500e+02 6.076680421829223633e-01 1.052722692489624023e+00 1.004393359375000000e+04 1.795049133300781250e+02 6.076680421829223633e-01 1.052722692489624023e+00 1.004393359375000000e+04 7.087827920913696289e-01
8.000000000000000000e+02 7.123680114746093750e+01 6.254159808158874512e-01 1.098406434059143066e+00 8.938222656250000000e+03 1.136984100341796875e+02 6.254159808158874512e-01 1.098406434059143066e+00 8.938222656250000000e+03 6.702791452407836914e-01
9.000000000000000000e+02 7.430620574951171875e+01 7.362235188484191895e-01 1.171680331230163574e+00 8.111985839843750000e+03 1.144093856811523438e+02 7.362235188484191895e-01 1.171680331230163574e+00 8.111985839843750000e+03 6.404845714569091797e-01
1.000000000000000000e+03 4.468946075439453125e+01 5.658068656921386719e-01 1.084102869033813477e+00 7.402393066406250000e+03 8.501441955566406250e+01 5.658068656921386719e-01 1.084102869033813477e+00 7.402393066406250000e+03 6.137542128562927246e-01
1.100000000000000000e+03 4.213575363159179688e+01 4.443817138671875000e-01 1.003015995025634766e+00 6.802057128906250000e+03 8.851926422119140625e+01 4.443817138671875000e-01 1.003015995025634766e+00 6.802057128906250000e+03 5.904774069786071777e-01
1.200000000000000000e+03 3.920589065551757812e+01 3.806794881820678711e-01 9.455375075340270996e-01 6.281621582031250000e+03 8.762490081787109375e+01 3.806794881820678711e-01 9.455375075340270996e-01 6.281621582031250000e+03 5.696459412574768066e-01
1.300000000000000000e+03 1.045291824340820312e+02 3.282846808433532715e-01 9.210593700408935547e-01 5.839691406250000000e+03 1.315050964355468750e+02 3.282846808433532715e-01 9.210593700408935547e-01 5.839691406250000000e+03 5.516604185104370117e-01
1.400000000000000000e+03 1.311077117919921875e+02 2.939065694808959961e-01 9.266955256462097168e-01 5.447134765625000000e+03 1.805984649658203125e+02 2.939065694808959961e-01 9.266955256462097168e-01 5.447134765625000000e+03 5.351843833923339844e-01
1.500000000000000000e+03 1.494495391845703125e+02 2.644954919815063477e-01 8.956387042999267578e-01 5.096813964843750000e+03 2.020581512451171875e+02 2.644954919815063477e-01 8.956387042999267578e-01 5.096813964843750000e+03 5.204456448554992676e-01
1.600000000000000000e+03 5.758814239501953125e+01 2.267925590276718140e-01 8.304799199104309082e-01 4.786708007812500000e+03 9.784660339355468750e+01 2.267925590276718140e-01 8.304799199104309082e-01 4.786708007812500000e+03 5.073969960212707520e-01
1.700000000000000000e+03 3.488582153320312500e+02 1.908318102359771729e-01 7.362172007560729980e-01 4.484738769531250000e+03 4.667029418945312500e+02 1.908318102359771729e-01 7.362172007560729980e-01 4.484738769531250000e+03 4.944091737270355225e-01
1.800000000000000000e+03 2.927441406250000000e+01 1.623700559139251709e-01 7.219176292419433594e-01 4.212135742187500000e+03 7.485021972656250000e+01 1.623700559139251709e-01 7.219176292419433594e-01 4.212135742187500000e+03 4.829012751579284668e-01
1.900000000000000000e+03 4.965378570556640625e+01 1.455164849758148193e-01 7.032058238983154297e-01 3.976490234375000000e+03 9.044049835205078125e+01 1.455164849758148193e-01 7.032058238983154297e-01 3.976490234375000000e+03 4.728958010673522949e-01
2.000000000000000000e+03 2.460675239562988281e+01 1.207621544599533081e-01 6.758409738540649414e-01 3.742028564453125000e+03 6.256084060668945312e+01 1.207621544599533081e-01 6.758409738540649414e-01 3.742028564453125000e+03 4.624132215976715088e-01
2.100000000000000000e+03 4.075092773437500000e+02 1.192960143089294434e-01 6.510973572731018066e-01 3.516044433593750000e+03 3.634985961914062500e+02 1.192960143089294434e-01 6.510973572731018066e-01 3.516044433593750000e+03 4.518250226974487305e-01
2.200000000000000000e+03 2.088941383361816406e+01 1.172202676534652710e-01 6.259522438049316406e-01 3.315616699218750000e+03 5.581329345703125000e+01 1.172202676534652710e-01 6.259522438049316406e-01 3.315616699218750000e+03 4.427067935466766357e-01
2.300000000000000000e+03 1.468872833251953125e+02 1.151563376188278198e-01 6.265383362770080566e-01 3.143605224609375000e+03 2.302965087890625000e+02 1.151563376188278198e-01 6.265383362770080566e-01 3.143605224609375000e+03 4.353498518466949463e-01
2.400000000000000000e+03 1.889662742614746094e+01 1.049805432558059692e-01 6.085662245750427246e-01 2.982203613281250000e+03 5.533874511718750000e+01 1.049805432558059692e-01 6.085662245750427246e-01 2.982203613281250000e+03 4.282543659210205078e-01
2.500000000000000000e+03 4.044955825805664062e+01 1.035713180899620056e-01 5.879647731781005859e-01 2.824934570312500000e+03 8.586103057861328125e+01 1.035713180899620056e-01 5.879647731781005859e-01 2.824934570312500000e+03 4.212868213653564453e-01
2.600000000000000000e+03 1.756445312500000000e+01 9.417059272527694702e-02 5.820362567901611328e-01 2.671458496093750000e+03 5.607863235473632812e+01 9.417059272527694702e-02 5.820362567901611328e-01 2.671458496093750000e+03 4.145021736621856689e-01
2.700000000000000000e+03 1.679465103149414062e+01 8.508162200450897217e-02 5.613562464714050293e-01 2.523346435546875000e+03 5.569764709472656250e+01 8.508162200450897217e-02 5.613562464714050293e-01 2.523346435546875000e+03 4.079614877700805664e-01
2.800000000000000000e+03 1.598041152954101562e+01 7.847892493009567261e-02 5.459724664688110352e-01 2.389180419921875000e+03 5.872601318359375000e+01 7.847892493009567261e-02 5.459724664688110352e-01 2.389180419921875000e+03 4.022917747497558594e-01
2.900000000000000000e+03 1.509430217742919922e+01 7.405629009008407593e-02 5.337063074111938477e-01 2.266941894531250000e+03 6.015505599975585938e+01 7.405629009008407593e-02 5.337063074111938477e-01 2.266941894531250000e+03 3.972992300987243652e-01
3.000000000000000000e+03 1.637901115417480469e+01 7.675114274024963379e-02 5.073214173316955566e-01 2.142588378906250000e+03 6.693625640869140625e+01 7.675114274024963379e-02 5.073214173316955566e-01 2.142588378906250000e+03 3.920083940029144287e-01
3.100000000000000000e+03 1.290684413909912109e+01 7.842559367418289185e-02 4.933613836765289307e-01 2.025418090820312500e+03 6.415866851806640625e+01 7.842559367418289185e-02 4.933613836765289307e-01 2.025418090820312500e+03 3.873069584369659424e-01
3.200000000000000000e+03 1.447793388366699219e+01 7.620049268007278442e-02 4.860893189907073975e-01 1.908057739257812500e+03 7.343679046630859375e+01 7.620049268007278442e-02 4.860893189907073975e-01 1.908057739257812500e+03 3.826471567153930664e-01
3.300000000000000000e+03 1.243019008636474609e+01 7.294128835201263428e-02 4.819655716419219971e-01 1.794743530273437500e+03 7.357414245605468750e+01 7.294128835201263428e-02 4.819655716419219971e-01 1.794743530273437500e+03 3.781423866748809814e-01
3.400000000000000000e+03 1.219904899597167969e+01 7.424251735210418701e-02 4.797315001487731934e-01 1.705751708984375000e+03 7.177760314941406250e+01 7.424251735210418701e-02 4.797315001487731934e-01 1.705751708984375000e+03 3.750824332237243652e-01
3.500000000000000000e+03 1.113417625427246094e+01 7.022225111722946167e-02 4.718441367149353027e-01 1.617689208984375000e+03 8.022409057617187500e+01 7.022225111722946167e-02 4.718441367149353027e-01 1.617689208984375000e+03 3.722380697727203369e-01
3.600000000000000000e+03 1.079696178436279297e+01 6.556225568056106567e-02 4.656852483749389648e-01 1.538161254882812500e+03 8.515428161621093750e+01 6.556225568056106567e-02 4.656852483749389648e-01 1.538161254882812500e+03 3.697878420352935791e-01
3.700000000000000000e+03 1.053072643280029297e+01 6.952895969152450562e-02 4.561188220977783203e-01 1.466289794921875000e+03 9.134249114990234375e+01 6.952895969152450562e-02 4.561188220977783203e-01 1.466289794921875000e+03 3.677845299243927002e-01
3.800000000000000000e+03 2.404639625549316406e+01 6.873099505901336670e-02 4.535960555076599121e-01 1.406541503906250000e+03 8.529592895507812500e+01 6.873099505901336670e-02 4.535960555076599121e-01 1.406541503906250000e+03 3.662676215171813965e-01
3.900000000000000000e+03 9.659442901611328125e+00 6.381182372570037842e-02 4.475110769271850586e-01 1.351443725585937500e+03 9.317244720458984375e+01 6.381182372570037842e-02 4.475110769271850586e-01 1.351443725585937500e+03 3.652301728725433350e-01
4.000000000000000000e+03 9.409177780151367188e+00 6.408523768186569214e-02 4.419691562652587891e-01 1.298504516601562500e+03 9.647090148925781250e+01 6.408523768186569214e-02 4.419691562652587891e-01 1.298504516601562500e+03 3.641188144683837891e-01
4.100000000000000000e+03 9.385659217834472656e+00 6.052710488438606262e-02 4.362101256847381592e-01 1.245501464843750000e+03 9.764508819580078125e+01 6.052710488438606262e-02 4.362101256847381592e-01 1.245501464843750000e+03 3.627878725528717041e-01
4.200000000000000000e+03 9.405803680419921875e+00 5.994922667741775513e-02 4.311067461967468262e-01 1.198882934570312500e+03 9.950453186035156250e+01 5.994922667741775513e-02 4.311067461967468262e-01 1.198882934570312500e+03 3.618295490741729736e-01
4.300000000000000000e+03 8.598307609558105469e+00 6.217503175139427185e-02 4.256546795368194580e-01 1.159997192382812500e+03 9.633630371093750000e+01 6.217503175139427185e-02 4.256546795368194580e-01 1.159997192382812500e+03 3.612454831600189209e-01
4.400000000000000000e+03 1.465919685363769531e+01 6.684581935405731201e-02 4.242777824401855469e-01 1.125791992187500000e+03 1.090306396484375000e+02 6.684581935405731201e-02 4.242777824401855469e-01 1.125791992187500000e+03 3.608449399471282959e-01
4.500000000000000000e+03 7.936311244964599609e+00 6.717854738235473633e-02 4.166502356529235840e-01 1.092167480468750000e+03 9.215038299560546875e+01 6.717854738235473633e-02 4.166502356529235840e-01 1.092167480468750000e+03 3.605041801929473877e-01
4.600000000000000000e+03 2.994372253417968750e+02 7.259255647659301758e-02 4.128234386444091797e-01 1.061692871093750000e+03 3.239161987304687500e+02 7.259255647659301758e-02 4.128234386444091797e-01 1.061692871093750000e+03 3.600725829601287842e-01
4.700000000000000000e+03 7.366984367370605469e+00 7.131909579038619995e-02 4.099013209342956543e-01 1.033945434570312500e+03 8.585868835449218750e+01 7.131909579038619995e-02 4.099013209342956543e-01 1.033945434570312500e+03 3.596647679805755615e-01
4.800000000000000000e+03 7.404091835021972656e+00 7.327402383089065552e-02 4.055376350879669189e-01 1.005466491699218750e+03 8.587284088134765625e+01 7.327402383089065552e-02 4.055376350879669189e-01 1.005466491699218750e+03 3.592026233673095703e-01
4.900000000000000000e+03 1.874200744628906250e+02 7.238034158945083618e-02 4.034169614315032959e-01 9.761766967773437500e+02 2.890319824218750000e+02 7.238034158945083618e-02 4.034169614315032959e-01 9.761766967773437500e+02 3.583662509918212891e-01
5.000000000000000000e+03 6.949444293975830078e+00 7.651188224554061890e-02 4.044350385665893555e-01 9.500307617187500000e+02 8.112145233154296875e+01 7.651188224554061890e-02 4.044350385665893555e-01 9.500307617187500000e+02 3.577774763107299805e-01
5.100000000000000000e+03 6.874311447143554688e+00 8.009919524192810059e-02 4.052927494049072266e-01 9.235000000000000000e+02 7.793501281738281250e+01 8.009919524192810059e-02 4.052927494049072266e-01 9.235000000000000000e+02 3.572195768356323242e-01
5.200000000000000000e+03 6.803916931152343750e+00 8.135230839252471924e-02 4.040049016475677490e-01 9.003480224609375000e+02 7.885936737060546875e+01 8.135230839252471924e-02 4.040049016475677490e-01 9.003480224609375000e+02 3.569152653217315674e-01
5.300000000000000000e+03 6.691958904266357422e+00 8.443317562341690063e-02 4.044754207134246826e-01 8.767149658203125000e+02 7.711373901367187500e+01 8.443317562341690063e-02 4.044754207134246826e-01 8.767149658203125000e+02 3.563465774059295654e-01
5.400000000000000000e+03 6.561501502990722656e+00 8.548749238252639771e-02 4.036025404930114746e-01 8.558465576171875000e+02 7.687609863281250000e+01 8.548749238252639771e-02 4.036025404930114746e-01 8.558465576171875000e+02 3.563786149024963379e-01
5.500000000000000000e+03 1.530817127227783203e+01 8.796750754117965698e-02 4.052725732326507568e-01 8.391203613281250000e+02 9.062602233886718750e+01 8.796750754117965698e-02 4.052725732326507568e-01 8.391203613281250000e+02 3.563489615917205811e-01
5.600000000000000000e+03 5.914071083068847656e+00 8.745270967483520508e-02 4.031046926975250244e-01 8.230657958984375000e+02 7.444973754882812500e+01 8.745270967483520508e-02 4.031046926975250244e-01 8.230657958984375000e+02 3.566970825195312500e-01
5.700000000000000000e+03 5.757024288177490234e+00 8.857783675193786621e-02 4.029636383056640625e-01 8.090880737304687500e+02 7.535901641845703125e+01 8.857783675193786621e-02 4.029636383056640625e-01 8.090880737304687500e+02 3.570856451988220215e-01
5.800000000000000000e+03 5.467048645019531250e+00 9.034358710050582886e-02 4.044671952724456787e-01 7.973256225585937500e+02 7.377937316894531250e+01 9.034358710050582886e-02 4.044671952724456787e-01 7.973256225585937500e+02 3.572063148021697998e-01
5.900000000000000000e+03 5.536005496978759766e+00 9.181795269250869751e-02 4.048369824886322021e-01 7.854617309570312500e+02 7.499690246582031250e+01 9.181795269250869751e-02 4.048369824886322021e-01 7.854617309570312500e+02 3.576569557189941406e-01
6.000000000000000000e+03 5.258295536041259766e+00 9.427557140588760376e-02 4.061079025268554688e-01 7.742343750000000000e+02 7.696035766601562500e+01 9.427557140588760376e-02 4.061079025268554688e-01 7.742343750000000000e+02 3.580454289913177490e-01
6.100000000000000000e+03 5.044671058654785156e+00 9.606796503067016602e-02 4.069439172744750977e-01 7.646370239257812500e+02 7.807250213623046875e+01 9.606796503067016602e-02 4.069439172744750977e-01 7.646370239257812500e+02 3.583649992942810059e-01
6.200000000000000000e+03 5.047088623046875000e+00 9.668397903442382812e-02 4.079708755016326904e-01 7.560925292968750000e+02 8.040722656250000000e+01 9.668397903442382812e-02 4.079708755016326904e-01 7.560925292968750000e+02 3.586742281913757324e-01
6.300000000000000000e+03 4.697942256927490234e+00 9.862916171550750732e-02 4.096730053424835205e-01 7.479332275390625000e+02 8.085898590087890625e+01 9.862916171550750732e-02 4.096730053424835205e-01 7.479332275390625000e+02 3.590456545352935791e-01
6.400000000000000000e+03 6.184318542480468750e+00 1.001484319567680359e-01 4.109633266925811768e-01 7.403325805664062500e+02 7.527270507812500000e+01 1.001484319567680359e-01 4.109633266925811768e-01 7.403325805664062500e+02 3.592300117015838623e-01
6.500000000000000000e+03 4.489205837249755859e+00 9.959045052528381348e-02 4.109021127223968506e-01 7.340097656250000000e+02 8.198608398437500000e+01 9.959045052528381348e-02 4.109021127223968506e-01 7.340097656250000000e+02 3.596121668815612793e-01
6.600000000000000000e+03 4.663594245910644531e+00 9.909452497959136963e-02 4.124448895454406738e-01 7.286961059570312500e+02 8.106624603271484375e+01 9.909452497959136963e-02 4.124448895454406738e-01 7.286961059570312500e+02 3.598610460758209229e-01
6.700000000000000000e+03 8.620907783508300781e+00 9.940847754478454590e-02 4.133183956146240234e-01 7.240678710937500000e+02 8.883229064941406250e+01 9.940847754478454590e-02 4.133183956146240234e-01 7.240678710937500000e+02 3.600667417049407959e-01
6.800000000000000000e+03 4.088208675384521484e+00 9.924257546663284302e-02 4.136435985565185547e-01 7.195968627929687500e+02 8.295195007324218750e+01 9.924257546663284302e-02 4.136435985565185547e-01 7.195968627929687500e+02 3.604117631912231445e-01
6.900000000000000000e+03 4.178363323211669922e+00 9.993436932563781738e-02 4.153471291065216064e-01 7.159571533203125000e+02 7.926039123535156250e+01 9.993436932563781738e-02 4.153471291065216064e-01 7.159571533203125000e+02 3.605134189128875732e-01
7.000000000000000000e+03 9.531656265258789062e+00 9.888547658920288086e-02 4.142328500747680664e-01 7.122661132812500000e+02 7.798165130615234375e+01 9.888547658920288086e-02 4.142328500747680664e-01 7.122661132812500000e+02 3.607934117317199707e-01
7.100000000000000000e+03 2.319742584228515625e+01 9.835001826286315918e-02 4.149329662322998047e-01 7.090204467773437500e+02 8.926282501220703125e+01 9.835001826286315918e-02 4.149329662322998047e-01 7.090204467773437500e+02 3.610288202762603760e-01
7.200000000000000000e+03 6.061059474945068359e+00 1.003172025084495544e-01 4.171763360500335693e-01 7.062401733398437500e+02 8.196244049072265625e+01 1.003172025084495544e-01 4.171763360500335693e-01 7.062401733398437500e+02 3.611242771148681641e-01
7.300000000000000000e+03 3.623237133026123047e+00 9.979615360498428345e-02 4.168244898319244385e-01 7.035421752929687500e+02 8.317961883544921875e+01 9.979615360498428345e-02 4.168244898319244385e-01 7.035421752929687500e+02 3.613372147083282471e-01
7.400000000000000000e+03 3.541689395904541016e+00 1.002184450626373291e-01 4.173172414302825928e-01 7.012705688476562500e+02 8.164850616455078125e+01 1.002184450626373291e-01 4.173172414302825928e-01 7.012705688476562500e+02 3.613217175006866455e-01
7.500000000000000000e+03 4.358222961425781250e+00 1.002524346113204956e-01 4.173649549484252930e-01 6.990872802734375000e+02 8.964016723632812500e+01 1.002524346113204956e-01 4.173649549484252930e-01 6.990872802734375000e+02 3.615088164806365967e-01
7.600000000000000000e+03 3.388464212417602539e+00 1.003634706139564514e-01 4.178718328475952148e-01 6.972131347656250000e+02 8.311957550048828125e+01 1.003634706139564514e-01 4.178718328475952148e-01 6.972131347656250000e+02 3.615538179874420166e-01
7.700000000000000000e+03 5.364344120025634766e+00 1.006891354918479919e-01 4.180266559123992920e-01 6.956132202148437500e+02 8.170838928222656250e+01 1.006891354918479919e-01 4.180266559123992920e-01 6.956132202148437500e+02 3.614763617515563965e-01
7.800000000000000000e+03 3.228260993957519531e+00 1.007544696331024170e-01 4.175830185413360596e-01 6.939932250976562500e+02 8.298440551757812500e+01 1.007544696331024170e-01 4.175830185413360596e-01 6.939932250976562500e+02 3.615752458572387695e-01
7.900000000000000000e+03 1.271745777130126953e+01 1.001248732209205627e-01 4.177740514278411865e-01 6.926212158203125000e+02 9.498040008544921875e+01 1.001248732209205627e-01 4.177740514278411865e-01 6.926212158203125000e+02 3.616164922714233398e-01
8.000000000000000000e+03 3.059832811355590820e+00 1.007438376545906067e-01 4.173161685466766357e-01 6.913428955078125000e+02 8.414936828613281250e+01 1.007438376545906067e-01 4.173161685466766357e-01 6.913428955078125000e+02 3.615434467792510986e-01
8.100000000000000000e+03 3.501362562179565430e+00 1.007508486509323120e-01 4.168643057346343994e-01 6.902355957031250000e+02 8.244316101074218750e+01 1.007508486509323120e-01 4.168643057346343994e-01 6.902355957031250000e+02 3.613777458667755127e-01
8.200000000000000000e+03 1.046088504791259766e+01 1.007362008094787598e-01 4.167075753211975098e-01 6.891346435546875000e+02 1.096545104980468750e+02 1.007362008094787598e-01 4.167075753211975098e-01 6.891346435546875000e+02 3.613355159759521484e-01
8.300000000000000000e+03 2.823762655258178711e+00 1.001214683055877686e-01 4.163822829723358154e-01 6.881032714843750000e+02 8.436210632324218750e+01 1.001214683055877686e-01 4.163822829723358154e-01 6.881032714843750000e+02 3.612805306911468506e-01
8.400000000000000000e+03 2.752791404724121094e+00 9.997409582138061523e-02 4.159136414527893066e-01 6.871994628906250000e+02 8.173903656005859375e+01 9.997409582138061523e-02 4.159136414527893066e-01 6.871994628906250000e+02 3.610227406024932861e-01
8.500000000000000000e+03 2.688740730285644531e+00 9.944173693656921387e-02 4.153077006340026855e-01 6.862545166015625000e+02 8.317318725585937500e+01 9.944173693656921387e-02 4.153077006340026855e-01 6.862545166015625000e+02 3.609442710876464844e-01
8.600000000000000000e+03 4.769781589508056641e+00 9.868922084569931030e-02 4.148294627666473389e-01 6.853716430664062500e+02 8.438537597656250000e+01 9.868922084569931030e-02 4.148294627666473389e-01 6.853716430664062500e+02 3.607838153839111328e-01
8.700000000000000000e+03 2.732401847839355469e+00 9.862253069877624512e-02 4.143299460411071777e-01 6.844895019531250000e+02 8.495161437988281250e+01 9.862253069877624512e-02 4.143299460411071777e-01 6.844895019531250000e+02 3.605556488037109375e-01
8.800000000000000000e+03 6.741628646850585938e+00 9.875270724296569824e-02 4.143540859222412109e-01 6.836494750976562500e+02 8.392047882080078125e+01 9.875270724296569824e-02 4.143540859222412109e-01 6.836494750976562500e+02 3.602540791034698486e-01
8.900000000000000000e+03 2.501904249191284180e+00 9.784910827875137329e-02 4.131993353366851807e-01 6.827756958007812500e+02 8.078282165527343750e+01 9.784910827875137329e-02 4.131993353366851807e-01 6.827756958007812500e+02 3.600730001926422119e-01
9.000000000000000000e+03 1.606989860534667969e+01 9.796432405710220337e-02 4.128429293632507324e-01 6.818670654296875000e+02 8.728058624267578125e+01 9.796432405710220337e-02 4.128429293632507324e-01 6.818670654296875000e+02 3.598504960536956787e-01
9.100000000000000000e+03 2.434133768081665039e+00 9.730464220046997070e-02 4.119752049446105957e-01 6.810348510742187500e+02 7.987895202636718750e+01 9.730464220046997070e-02 4.119752049446105957e-01 6.810348510742187500e+02 3.595858514308929443e-01
9.200000000000000000e+03 2.417331695556640625e+00 9.715589880943298340e-02 4.113069176673889160e-01 6.801722412109375000e+02 7.790872955322265625e+01 9.715589880943298340e-02 4.113069176673889160e-01 6.801722412109375000e+02 3.592709302902221680e-01
9.300000000000000000e+03 2.382351875305175781e+00 9.703696519136428833e-02 4.104901254177093506e-01 6.792621459960937500e+02 7.849610900878906250e+01 9.703696519136428833e-02 4.104901254177093506e-01 6.792621459960937500e+02 3.590660691261291504e-01
9.400000000000000000e+03 2.335603952407836914e+00 9.728842973709106445e-02 4.096148014068603516e-01 6.783788452148437500e+02 7.676623535156250000e+01 9.728842973709106445e-02 4.096148014068603516e-01 6.783788452148437500e+02 3.587110936641693115e-01
9.500000000000000000e+03 3.196873664855957031e+00 9.750925004482269287e-02 4.090323448181152344e-01 6.774447021484375000e+02 7.350495910644531250e+01 9.750925004482269287e-02 4.090323448181152344e-01 6.774447021484375000e+02 3.584447503089904785e-01
9.600000000000000000e+03 2.308077812194824219e+00 9.806867688894271851e-02 4.075430333614349365e-01 6.764220581054687500e+02 7.583038330078125000e+01 9.806867688894271851e-02 4.075430333614349365e-01 6.764220581054687500e+02 3.581894040107727051e-01
9.700000000000000000e+03 2.234534740447998047e+00 9.884694963693618774e-02 4.062532186508178711e-01 6.753573608398437500e+02 7.480357360839843750e+01 9.884694963693618774e-02 4.062532186508178711e-01 6.753573608398437500e+02 3.577991724014282227e-01
9.800000000000000000e+03 2.225907564163208008e+00 9.945300966501235962e-02 4.049011468887329102e-01 6.741858520507812500e+02 7.443112182617187500e+01 9.945300966501235962e-02 4.049011468887329102e-01 6.741858520507812500e+02 3.575086295604705811e-01
9.900000000000000000e+03 2.204803943634033203e+00 1.001817211508750916e-01 4.036478102207183838e-01 6.730652465820312500e+02 7.289293670654296875e+01 1.001817211508750916e-01 4.036478102207183838e-01 6.730652465820312500e+02 3.571467101573944092e-01
1.000000000000000000e+04 1.973063087463378906e+01 9.953063726425170898e-02 4.021292328834533691e-01 6.718265991210937500e+02 9.586408996582031250e+01 9.953063726425170898e-02 4.021292328834533691e-01 6.718265991210937500e+02 3.568961322307586670e-01
